::::::  Metodo Implicito :::: 

Tempo variando de 0 - 199.
Barra dividiva em 6.


T=0
[100]  [0]  [0]  [0]  [0]  [50]  

T=1
[100]  [2.00415]  [0.0405683]  [0.0208879]  [1.00209]  [50]  

T=2
[100]  [3.92957]  [0.118903]  [0.0617954]  [1.96484]  [50]  

T=3
[100]  [5.78011]  [0.232376]  [0.121876]  [2.89023]  [50]  

T=4
[100]  [7.55944]  [0.378519]  [0.200304]  [3.78011]  [50]  

T=5
[100]  [9.27102]  [0.555018]  [0.296277]  [4.63625]  [50]  

T=6
[100]  [10.9181]  [0.759701]  [0.409015]  [5.46036]  [50]  

T=7
[100]  [12.5038]  [0.990529]  [0.537759]  [6.25402]  [50]  

T=8
[100]  [14.0311]  [1.24559]  [0.681776]  [7.01877]  [50]  

T=9
[100]  [15.5028]  [1.52309]  [0.840352]  [7.75605]  [50]  

T=10
[100]  [16.9215]  [1.82135]  [1.0128]  [8.46725]  [50]  

T=11
[100]  [18.2897]  [2.13879]  [1.19844]  [9.15367]  [50]  

T=12
[100]  [19.6098]  [2.47392]  [1.39665]  [9.81656]  [50]  

T=13
[100]  [20.884]  [2.82537]  [1.60678]  [10.4571]  [50]  

T=14
[100]  [22.1145]  [3.19182]  [1.82824]  [11.0764]  [50]  

T=15
[100]  [23.3034]  [3.57205]  [2.06045]  [11.6756]  [50]  

T=16
[100]  [24.4524]  [3.96493]  [2.30285]  [12.2556]  [50]  

T=17
[100]  [25.5636]  [4.36938]  [2.55489]  [12.8174]  [50]  

T=18
[100]  [26.6385]  [4.78438]  [2.81605]  [13.3619]  [50]  

T=19
[100]  [27.6789]  [5.20901]  [3.08584]  [13.89]  [50]  

T=20
[100]  [28.6863]  [5.64237]  [3.36377]  [14.4026]  [50]  

T=21
[100]  [29.6621]  [6.08364]  [3.64937]  [14.9003]  [50]  

T=22
[100]  [30.6078]  [6.53204]  [3.9422]  [15.3839]  [50]  

T=23
[100]  [31.5248]  [6.98685]  [4.24184]  [15.8542]  [50]  

T=24
[100]  [32.4142]  [7.44738]  [4.54785]  [16.3117]  [50]  

T=25
[100]  [33.2773]  [7.91301]  [4.85986]  [16.7572]  [50]  

T=26
[100]  [34.1153]  [8.38313]  [5.17748]  [17.1912]  [50]  

T=27
[100]  [34.9292]  [8.85718]  [5.50035]  [17.6142]  [50]  

T=28
[100]  [35.72]  [9.33465]  [5.82811]  [18.0269]  [50]  

T=29
[100]  [36.4888]  [9.81505]  [6.16044]  [18.4297]  [50]  

T=30
[100]  [37.2365]  [10.2979]  [6.497]  [18.8231]  [50]  

T=31
[100]  [37.9639]  [10.7828]  [6.8375]  [19.2076]  [50]  

T=32
[100]  [38.6719]  [11.2694]  [7.18163]  [19.5835]  [50]  

T=33
[100]  [39.3613]  [11.7573]  [7.52912]  [19.9514]  [50]  

T=34
[100]  [40.0329]  [12.246]  [7.87969]  [20.3115]  [50]  

T=35
[100]  [40.6874]  [12.7354]  [8.23308]  [20.6643]  [50]  

T=36
[100]  [41.3254]  [13.2251]  [8.58906]  [21.0101]  [50]  

T=37
[100]  [41.9477]  [13.7148]  [8.94737]  [21.3492]  [50]  

T=38
[100]  [42.5549]  [14.2043]  [9.3078]  [21.682]  [50]  

T=39
[100]  [43.1476]  [14.6933]  [9.67013]  [22.0086]  [50]  

T=40
[100]  [43.7263]  [15.1816]  [10.0342]  [22.3295]  [50]  

T=41
[100]  [44.2915]  [15.6689]  [10.3997]  [22.6448]  [50]  

T=42
[100]  [44.8439]  [16.1552]  [10.7665]  [22.9549]  [50]  

T=43
[100]  [45.3838]  [16.6402]  [11.1345]  [23.2599]  [50]  

T=44
[100]  [45.9118]  [17.1237]  [11.5034]  [23.5601]  [50]  

T=45
[100]  [46.4283]  [17.6056]  [11.8731]  [23.8556]  [50]  

T=46
[100]  [46.9337]  [18.0857]  [12.2434]  [24.1467]  [50]  

T=47
[100]  [47.4285]  [18.5639]  [12.6142]  [24.4336]  [50]  

T=48
[100]  [47.913]  [19.0401]  [12.9854]  [24.7165]  [50]  

T=49
[100]  [48.3875]  [19.5142]  [13.3568]  [24.9954]  [50]  

T=50
[100]  [48.8525]  [19.986]  [13.7283]  [25.2706]  [50]  

T=51
[100]  [49.3083]  [20.4555]  [14.0997]  [25.5422]  [50]  

T=52
[100]  [49.7551]  [20.9226]  [14.471]  [25.8104]  [50]  

T=53
[100]  [50.1934]  [21.3872]  [14.842]  [26.0753]  [50]  

T=54
[100]  [50.6234]  [21.8492]  [15.2127]  [26.337]  [50]  

T=55
[100]  [51.0453]  [22.3085]  [15.5829]  [26.5956]  [50]  

T=56
[100]  [51.4595]  [22.7652]  [15.9525]  [26.8512]  [50]  

T=57
[100]  [51.8662]  [23.2191]  [16.3215]  [27.104]  [50]  

T=58
[100]  [52.2656]  [23.6702]  [16.6897]  [27.3541]  [50]  

T=59
[100]  [52.658]  [24.1184]  [17.0572]  [27.6015]  [50]  

T=60
[100]  [53.0436]  [24.5638]  [17.4237]  [27.8463]  [50]  

T=61
[100]  [53.4226]  [25.0062]  [17.7892]  [28.0886]  [50]  

T=62
[100]  [53.7952]  [25.4457]  [18.1538]  [28.3286]  [50]  

T=63
[100]  [54.1616]  [25.8821]  [18.5172]  [28.5662]  [50]  

T=64
[100]  [54.5221]  [26.3156]  [18.8794]  [28.8015]  [50]  

T=65
[100]  [54.8767]  [26.746]  [19.2405]  [29.0346]  [50]  

T=66
[100]  [55.2257]  [27.1734]  [19.6002]  [29.2656]  [50]  

T=67
[100]  [55.5692]  [27.5977]  [19.9587]  [29.4946]  [50]  

T=68
[100]  [55.9074]  [28.019]  [20.3157]  [29.7215]  [50]  

T=69
[100]  [56.2404]  [28.4372]  [20.6714]  [29.9464]  [50]  

T=70
[100]  [56.5683]  [28.8522]  [21.0255]  [30.1694]  [50]  

T=71
[100]  [56.8914]  [29.2642]  [21.3782]  [30.3906]  [50]  

T=72
[100]  [57.2098]  [29.6731]  [21.7293]  [30.6099]  [50]  

T=73
[100]  [57.5235]  [30.0789]  [22.0789]  [30.8275]  [50]  

T=74
[100]  [57.8327]  [30.4816]  [22.4268]  [31.0433]  [50]  

T=75
[100]  [58.1375]  [30.8812]  [22.7731]  [31.2573]  [50]  

T=76
[100]  [58.438]  [31.2778]  [23.1177]  [31.4698]  [50]  

T=77
[100]  [58.7344]  [31.6712]  [23.4606]  [31.6805]  [50]  

T=78
[100]  [59.0268]  [32.0616]  [23.8017]  [31.8897]  [50]  

T=79
[100]  [59.3152]  [32.4489]  [24.1411]  [32.0973]  [50]  

T=80
[100]  [59.5997]  [32.8331]  [24.4788]  [32.3033]  [50]  

T=81
[100]  [59.8804]  [33.2143]  [24.8146]  [32.5078]  [50]  

T=82
[100]  [60.1575]  [33.5925]  [25.1487]  [32.7108]  [50]  

T=83
[100]  [60.431]  [33.9677]  [25.4809]  [32.9123]  [50]  

T=84
[100]  [60.701]  [34.3398]  [25.8113]  [33.1124]  [50]  

T=85
[100]  [60.9676]  [34.709]  [26.1397]  [33.311]  [50]  

T=86
[100]  [61.2308]  [35.0752]  [26.4664]  [33.5082]  [50]  

T=87
[100]  [61.4908]  [35.4384]  [26.7911]  [33.7041]  [50]  

T=88
[100]  [61.7476]  [35.7987]  [27.1139]  [33.8985]  [50]  

T=89
[100]  [62.0012]  [36.1561]  [27.4349]  [34.0916]  [50]  

T=90
[100]  [62.2518]  [36.5105]  [27.7539]  [34.2833]  [50]  

T=91
[100]  [62.4994]  [36.8621]  [28.071]  [34.4737]  [50]  

T=92
[100]  [62.744]  [37.2108]  [28.3861]  [34.6628]  [50]  

T=93
[100]  [62.9858]  [37.5567]  [28.6994]  [34.8506]  [50]  

T=94
[100]  [63.2248]  [37.8997]  [29.0106]  [35.0371]  [50]  

T=95
[100]  [63.461]  [38.2399]  [29.32]  [35.2223]  [50]  

T=96
[100]  [63.6945]  [38.5773]  [29.6274]  [35.4063]  [50]  

T=97
[100]  [63.9253]  [38.9119]  [29.9328]  [35.589]  [50]  

T=98
[100]  [64.1535]  [39.2438]  [30.2363]  [35.7705]  [50]  

T=99
[100]  [64.3792]  [39.5729]  [30.5378]  [35.9507]  [50]  

T=100
[100]  [64.6024]  [39.8993]  [30.8374]  [36.1297]  [50]  

T=101
[100]  [64.8231]  [40.223]  [31.135]  [36.3075]  [50]  

T=102
[100]  [65.0415]  [40.5441]  [31.4306]  [36.4841]  [50]  

T=103
[100]  [65.2574]  [40.8625]  [31.7243]  [36.6595]  [50]  

T=104
[100]  [65.471]  [41.1783]  [32.0161]  [36.8338]  [50]  

T=105
[100]  [65.6824]  [41.4914]  [32.3059]  [37.0068]  [50]  

T=106
[100]  [65.8915]  [41.802]  [32.5938]  [37.1787]  [50]  

T=107
[100]  [66.0983]  [42.11]  [32.8797]  [37.3494]  [50]  

T=108
[100]  [66.3031]  [42.4154]  [33.1636]  [37.519]  [50]  

T=109
[100]  [66.5056]  [42.7183]  [33.4457]  [37.6875]  [50]  

T=110
[100]  [66.7061]  [43.0187]  [33.7258]  [37.8547]  [50]  

T=111
[100]  [66.9045]  [43.3166]  [34.004]  [38.0209]  [50]  

T=112
[100]  [67.1009]  [43.6121]  [34.2802]  [38.186]  [50]  

T=113
[100]  [67.2953]  [43.9051]  [34.5546]  [38.3499]  [50]  

T=114
[100]  [67.4877]  [44.1957]  [34.827]  [38.5127]  [50]  

T=115
[100]  [67.6782]  [44.4838]  [35.0976]  [38.6744]  [50]  

T=116
[100]  [67.8668]  [44.7696]  [35.3662]  [38.835]  [50]  

T=117
[100]  [68.0535]  [45.053]  [35.6329]  [38.9945]  [50]  

T=118
[100]  [68.2383]  [45.3341]  [35.8978]  [39.153]  [50]  

T=119
[100]  [68.4213]  [45.6128]  [36.1608]  [39.3103]  [50]  

T=120
[100]  [68.6026]  [45.8893]  [36.4219]  [39.4666]  [50]  

T=121
[100]  [68.782]  [46.1634]  [36.6812]  [39.6218]  [50]  

T=122
[100]  [68.9598]  [46.4353]  [36.9386]  [39.776]  [50]  

T=123
[100]  [69.1357]  [46.7049]  [37.1942]  [39.9291]  [50]  

T=124
[100]  [69.3101]  [46.9723]  [37.4479]  [40.0811]  [50]  

T=125
[100]  [69.4827]  [47.2375]  [37.6998]  [40.2321]  [50]  

T=126
[100]  [69.6537]  [47.5005]  [37.9499]  [40.3821]  [50]  

T=127
[100]  [69.823]  [47.7614]  [38.1981]  [40.531]  [50]  

T=128
[100]  [69.9908]  [48.02]  [38.4446]  [40.6789]  [50]  

T=129
[100]  [70.1569]  [48.2766]  [38.6893]  [40.8258]  [50]  

T=130
[100]  [70.3216]  [48.531]  [38.9322]  [40.9716]  [50]  

T=131
[100]  [70.4846]  [48.7834]  [39.1733]  [41.1165]  [50]  

T=132
[100]  [70.6462]  [49.0336]  [39.4126]  [41.2603]  [50]  

T=133
[100]  [70.8062]  [49.2818]  [39.6502]  [41.4032]  [50]  

T=134
[100]  [70.9648]  [49.528]  [39.886]  [41.545]  [50]  

T=135
[100]  [71.1219]  [49.7721]  [40.1201]  [41.6858]  [50]  

T=136
[100]  [71.2776]  [50.0142]  [40.3525]  [41.8257]  [50]  

T=137
[100]  [71.4318]  [50.2543]  [40.5832]  [41.9645]  [50]  

T=138
[100]  [71.5846]  [50.4925]  [40.8121]  [42.1024]  [50]  

T=139
[100]  [71.7361]  [50.7287]  [41.0394]  [42.2393]  [50]  

T=140
[100]  [71.8861]  [50.9629]  [41.265]  [42.3753]  [50]  

T=141
[100]  [72.0348]  [51.1953]  [41.4888]  [42.5103]  [50]  

T=142
[100]  [72.1822]  [51.4257]  [41.7111]  [42.6443]  [50]  

T=143
[100]  [72.3282]  [51.6543]  [41.9316]  [42.7774]  [50]  

T=144
[100]  [72.473]  [51.8809]  [42.1505]  [42.9095]  [50]  

T=145
[100]  [72.6164]  [52.1058]  [42.3678]  [43.0407]  [50]  

T=146
[100]  [72.7586]  [52.3287]  [42.5834]  [43.171]  [50]  

T=147
[100]  [72.8994]  [52.5499]  [42.7975]  [43.3003]  [50]  

T=148
[100]  [73.0391]  [52.7692]  [43.0099]  [43.4287]  [50]  

T=149
[100]  [73.1775]  [52.9868]  [43.2207]  [43.5562]  [50]  

T=150
[100]  [73.3147]  [53.2026]  [43.4299]  [43.6827]  [50]  

T=151
[100]  [73.4506]  [53.4166]  [43.6376]  [43.8084]  [50]  

T=152
[100]  [73.5854]  [53.6289]  [43.8437]  [43.9331]  [50]  

T=153
[100]  [73.719]  [53.8394]  [44.0482]  [44.057]  [50]  

T=154
[100]  [73.8514]  [54.0482]  [44.2512]  [44.1799]  [50]  

T=155
[100]  [73.9827]  [54.2553]  [44.4526]  [44.302]  [50]  

T=156
[100]  [74.1128]  [54.4608]  [44.6525]  [44.4232]  [50]  

T=157
[100]  [74.2418]  [54.6645]  [44.8509]  [44.5434]  [50]  

T=158
[100]  [74.3697]  [54.8666]  [45.0478]  [44.6629]  [50]  

T=159
[100]  [74.4964]  [55.0671]  [45.2432]  [44.7814]  [50]  

T=160
[100]  [74.6221]  [55.2659]  [45.4371]  [44.8991]  [50]  

T=161
[100]  [74.7467]  [55.4631]  [45.6295]  [45.0159]  [50]  

T=162
[100]  [74.8702]  [55.6587]  [45.8204]  [45.1319]  [50]  

T=163
[100]  [74.9927]  [55.8528]  [46.0099]  [45.247]  [50]  

T=164
[100]  [75.114]  [56.0452]  [46.198]  [45.3613]  [50]  

T=165
[100]  [75.2344]  [56.2361]  [46.3846]  [45.4747]  [50]  

T=166
[100]  [75.3537]  [56.4254]  [46.5698]  [45.5873]  [50]  

T=167
[100]  [75.472]  [56.6132]  [46.7535]  [45.6991]  [50]  

T=168
[100]  [75.5893]  [56.7995]  [46.9359]  [45.81]  [50]  

T=169
[100]  [75.7056]  [56.9843]  [47.1168]  [45.9201]  [50]  

T=170
[100]  [75.8209]  [57.1676]  [47.2964]  [46.0294]  [50]  

T=171
[100]  [75.9353]  [57.3494]  [47.4746]  [46.1379]  [50]  

T=172
[100]  [76.0487]  [57.5297]  [47.6514]  [46.2456]  [50]  

T=173
[100]  [76.1611]  [57.7086]  [47.8269]  [46.3525]  [50]  

T=174
[100]  [76.2725]  [57.886]  [48.001]  [46.4586]  [50]  

T=175
[100]  [76.383]  [58.062]  [48.1737]  [46.5639]  [50]  

T=176
[100]  [76.4926]  [58.2365]  [48.3452]  [46.6684]  [50]  

T=177
[100]  [76.6013]  [58.4097]  [48.5153]  [46.7722]  [50]  

T=178
[100]  [76.7091]  [58.5815]  [48.6841]  [46.8751]  [50]  

T=179
[100]  [76.8159]  [58.7518]  [48.8516]  [46.9773]  [50]  

T=180
[100]  [76.9219]  [58.9208]  [49.0178]  [47.0788]  [50]  

T=181
[100]  [77.0269]  [59.0885]  [49.1827]  [47.1794]  [50]  

T=182
[100]  [77.1311]  [59.2547]  [49.3464]  [47.2794]  [50]  

T=183
[100]  [77.2344]  [59.4197]  [49.5087]  [47.3785]  [50]  

T=184
[100]  [77.3369]  [59.5833]  [49.6699]  [47.4769]  [50]  

T=185
[100]  [77.4385]  [59.7456]  [49.8297]  [47.5746]  [50]  

T=186
[100]  [77.5392]  [59.9066]  [49.9884]  [47.6716]  [50]  

T=187
[100]  [77.6392]  [60.0663]  [50.1458]  [47.7678]  [50]  

T=188
[100]  [77.7382]  [60.2247]  [50.302]  [47.8633]  [50]  

T=189
[100]  [77.8365]  [60.3818]  [50.457]  [47.958]  [50]  

T=190
[100]  [77.934]  [60.5377]  [50.6107]  [48.0521]  [50]  

T=191
[100]  [78.0306]  [60.6924]  [50.7633]  [48.1454]  [50]  

T=192
[100]  [78.1265]  [60.8457]  [50.9147]  [48.2381]  [50]  

T=193
[100]  [78.2215]  [60.9979]  [51.0649]  [48.33]  [50]  

T=194
[100]  [78.3158]  [61.1488]  [51.214]  [48.4212]  [50]  

T=195
[100]  [78.4093]  [61.2985]  [51.3619]  [48.5118]  [50]  

T=196
[100]  [78.502]  [61.447]  [51.5086]  [48.6016]  [50]  

T=197
[100]  [78.594]  [61.5944]  [51.6542]  [48.6908]  [50]  

T=198
[100]  [78.6852]  [61.7405]  [51.7987]  [48.7793]  [50]  

T=199
[100]  [78.7756]  [61.8855]  [51.942]  [48.8671]  [50]  
